{
 "cells": [
  {
   "cell_type": "code",
   "execution_count": 1,
   "metadata": {},
   "outputs": [
    {
     "data": {
      "text/html": [
       "<div>\n",
       "<style>\n",
       "    .dataframe thead tr:only-child th {\n",
       "        text-align: right;\n",
       "    }\n",
       "\n",
       "    .dataframe thead th {\n",
       "        text-align: left;\n",
       "    }\n",
       "\n",
       "    .dataframe tbody tr th {\n",
       "        vertical-align: top;\n",
       "    }\n",
       "</style>\n",
       "<table border=\"1\" class=\"dataframe\">\n",
       "  <thead>\n",
       "    <tr style=\"text-align: right;\">\n",
       "      <th></th>\n",
       "      <th>PassengerId</th>\n",
       "      <th>Survived</th>\n",
       "      <th>Pclass</th>\n",
       "      <th>Name</th>\n",
       "      <th>Sex</th>\n",
       "      <th>Age</th>\n",
       "      <th>SibSp</th>\n",
       "      <th>Parch</th>\n",
       "      <th>Ticket</th>\n",
       "      <th>Fare</th>\n",
       "      <th>Cabin</th>\n",
       "      <th>Embarked</th>\n",
       "    </tr>\n",
       "  </thead>\n",
       "  <tbody>\n",
       "    <tr>\n",
       "      <th>0</th>\n",
       "      <td>1</td>\n",
       "      <td>0</td>\n",
       "      <td>3</td>\n",
       "      <td>Braund, Mr. Owen Harris</td>\n",
       "      <td>male</td>\n",
       "      <td>22.0</td>\n",
       "      <td>1</td>\n",
       "      <td>0</td>\n",
       "      <td>A/5 21171</td>\n",
       "      <td>7.2500</td>\n",
       "      <td>NaN</td>\n",
       "      <td>S</td>\n",
       "    </tr>\n",
       "    <tr>\n",
       "      <th>1</th>\n",
       "      <td>2</td>\n",
       "      <td>1</td>\n",
       "      <td>1</td>\n",
       "      <td>Cumings, Mrs. John Bradley (Florence Briggs Th...</td>\n",
       "      <td>female</td>\n",
       "      <td>38.0</td>\n",
       "      <td>1</td>\n",
       "      <td>0</td>\n",
       "      <td>PC 17599</td>\n",
       "      <td>71.2833</td>\n",
       "      <td>C85</td>\n",
       "      <td>C</td>\n",
       "    </tr>\n",
       "    <tr>\n",
       "      <th>2</th>\n",
       "      <td>3</td>\n",
       "      <td>1</td>\n",
       "      <td>3</td>\n",
       "      <td>Heikkinen, Miss. Laina</td>\n",
       "      <td>female</td>\n",
       "      <td>26.0</td>\n",
       "      <td>0</td>\n",
       "      <td>0</td>\n",
       "      <td>STON/O2. 3101282</td>\n",
       "      <td>7.9250</td>\n",
       "      <td>NaN</td>\n",
       "      <td>S</td>\n",
       "    </tr>\n",
       "    <tr>\n",
       "      <th>3</th>\n",
       "      <td>4</td>\n",
       "      <td>1</td>\n",
       "      <td>1</td>\n",
       "      <td>Futrelle, Mrs. Jacques Heath (Lily May Peel)</td>\n",
       "      <td>female</td>\n",
       "      <td>35.0</td>\n",
       "      <td>1</td>\n",
       "      <td>0</td>\n",
       "      <td>113803</td>\n",
       "      <td>53.1000</td>\n",
       "      <td>C123</td>\n",
       "      <td>S</td>\n",
       "    </tr>\n",
       "    <tr>\n",
       "      <th>4</th>\n",
       "      <td>5</td>\n",
       "      <td>0</td>\n",
       "      <td>3</td>\n",
       "      <td>Allen, Mr. William Henry</td>\n",
       "      <td>male</td>\n",
       "      <td>35.0</td>\n",
       "      <td>0</td>\n",
       "      <td>0</td>\n",
       "      <td>373450</td>\n",
       "      <td>8.0500</td>\n",
       "      <td>NaN</td>\n",
       "      <td>S</td>\n",
       "    </tr>\n",
       "  </tbody>\n",
       "</table>\n",
       "</div>"
      ],
      "text/plain": [
       "   PassengerId  Survived  Pclass  \\\n",
       "0            1         0       3   \n",
       "1            2         1       1   \n",
       "2            3         1       3   \n",
       "3            4         1       1   \n",
       "4            5         0       3   \n",
       "\n",
       "                                                Name     Sex   Age  SibSp  \\\n",
       "0                            Braund, Mr. Owen Harris    male  22.0      1   \n",
       "1  Cumings, Mrs. John Bradley (Florence Briggs Th...  female  38.0      1   \n",
       "2                             Heikkinen, Miss. Laina  female  26.0      0   \n",
       "3       Futrelle, Mrs. Jacques Heath (Lily May Peel)  female  35.0      1   \n",
       "4                           Allen, Mr. William Henry    male  35.0      0   \n",
       "\n",
       "   Parch            Ticket     Fare Cabin Embarked  \n",
       "0      0         A/5 21171   7.2500   NaN        S  \n",
       "1      0          PC 17599  71.2833   C85        C  \n",
       "2      0  STON/O2. 3101282   7.9250   NaN        S  \n",
       "3      0            113803  53.1000  C123        S  \n",
       "4      0            373450   8.0500   NaN        S  "
      ]
     },
     "execution_count": 1,
     "metadata": {},
     "output_type": "execute_result"
    }
   ],
   "source": [
    "import numpy as np\n",
    "import pandas as pd\n",
    "\n",
    "train = pd.read_csv('train.csv', dtype={'Age': np.float64}, )\n",
    "test = pd.read_csv('test.csv', dtype={'Age': np.float64}, )\n",
    "\n",
    "train.head()"
   ]
  },
  {
   "cell_type": "code",
   "execution_count": 2,
   "metadata": {},
   "outputs": [
    {
     "data": {
      "text/html": [
       "<div>\n",
       "<style>\n",
       "    .dataframe thead tr:only-child th {\n",
       "        text-align: right;\n",
       "    }\n",
       "\n",
       "    .dataframe thead th {\n",
       "        text-align: left;\n",
       "    }\n",
       "\n",
       "    .dataframe tbody tr th {\n",
       "        vertical-align: top;\n",
       "    }\n",
       "</style>\n",
       "<table border=\"1\" class=\"dataframe\">\n",
       "  <thead>\n",
       "    <tr style=\"text-align: right;\">\n",
       "      <th></th>\n",
       "      <th>PassengerId</th>\n",
       "      <th>Survived</th>\n",
       "      <th>Pclass</th>\n",
       "      <th>Age</th>\n",
       "      <th>SibSp</th>\n",
       "      <th>Parch</th>\n",
       "      <th>Fare</th>\n",
       "    </tr>\n",
       "  </thead>\n",
       "  <tbody>\n",
       "    <tr>\n",
       "      <th>PassengerId</th>\n",
       "      <td>1.000000</td>\n",
       "      <td>-0.005007</td>\n",
       "      <td>-0.035144</td>\n",
       "      <td>0.036847</td>\n",
       "      <td>-0.057527</td>\n",
       "      <td>-0.001652</td>\n",
       "      <td>0.012658</td>\n",
       "    </tr>\n",
       "    <tr>\n",
       "      <th>Survived</th>\n",
       "      <td>-0.005007</td>\n",
       "      <td>1.000000</td>\n",
       "      <td>-0.338481</td>\n",
       "      <td>-0.077221</td>\n",
       "      <td>-0.035322</td>\n",
       "      <td>0.081629</td>\n",
       "      <td>0.257307</td>\n",
       "    </tr>\n",
       "    <tr>\n",
       "      <th>Pclass</th>\n",
       "      <td>-0.035144</td>\n",
       "      <td>-0.338481</td>\n",
       "      <td>1.000000</td>\n",
       "      <td>-0.369226</td>\n",
       "      <td>0.083081</td>\n",
       "      <td>0.018443</td>\n",
       "      <td>-0.549500</td>\n",
       "    </tr>\n",
       "    <tr>\n",
       "      <th>Age</th>\n",
       "      <td>0.036847</td>\n",
       "      <td>-0.077221</td>\n",
       "      <td>-0.369226</td>\n",
       "      <td>1.000000</td>\n",
       "      <td>-0.308247</td>\n",
       "      <td>-0.189119</td>\n",
       "      <td>0.096067</td>\n",
       "    </tr>\n",
       "    <tr>\n",
       "      <th>SibSp</th>\n",
       "      <td>-0.057527</td>\n",
       "      <td>-0.035322</td>\n",
       "      <td>0.083081</td>\n",
       "      <td>-0.308247</td>\n",
       "      <td>1.000000</td>\n",
       "      <td>0.414838</td>\n",
       "      <td>0.159651</td>\n",
       "    </tr>\n",
       "    <tr>\n",
       "      <th>Parch</th>\n",
       "      <td>-0.001652</td>\n",
       "      <td>0.081629</td>\n",
       "      <td>0.018443</td>\n",
       "      <td>-0.189119</td>\n",
       "      <td>0.414838</td>\n",
       "      <td>1.000000</td>\n",
       "      <td>0.216225</td>\n",
       "    </tr>\n",
       "    <tr>\n",
       "      <th>Fare</th>\n",
       "      <td>0.012658</td>\n",
       "      <td>0.257307</td>\n",
       "      <td>-0.549500</td>\n",
       "      <td>0.096067</td>\n",
       "      <td>0.159651</td>\n",
       "      <td>0.216225</td>\n",
       "      <td>1.000000</td>\n",
       "    </tr>\n",
       "  </tbody>\n",
       "</table>\n",
       "</div>"
      ],
      "text/plain": [
       "             PassengerId  Survived    Pclass       Age     SibSp     Parch  \\\n",
       "PassengerId     1.000000 -0.005007 -0.035144  0.036847 -0.057527 -0.001652   \n",
       "Survived       -0.005007  1.000000 -0.338481 -0.077221 -0.035322  0.081629   \n",
       "Pclass         -0.035144 -0.338481  1.000000 -0.369226  0.083081  0.018443   \n",
       "Age             0.036847 -0.077221 -0.369226  1.000000 -0.308247 -0.189119   \n",
       "SibSp          -0.057527 -0.035322  0.083081 -0.308247  1.000000  0.414838   \n",
       "Parch          -0.001652  0.081629  0.018443 -0.189119  0.414838  1.000000   \n",
       "Fare            0.012658  0.257307 -0.549500  0.096067  0.159651  0.216225   \n",
       "\n",
       "                 Fare  \n",
       "PassengerId  0.012658  \n",
       "Survived     0.257307  \n",
       "Pclass      -0.549500  \n",
       "Age          0.096067  \n",
       "SibSp        0.159651  \n",
       "Parch        0.216225  \n",
       "Fare         1.000000  "
      ]
     },
     "execution_count": 2,
     "metadata": {},
     "output_type": "execute_result"
    }
   ],
   "source": [
    "# 相関を調べる\n",
    "train_corr = train.corr()\n",
    "train_corr"
   ]
  },
  {
   "cell_type": "code",
   "execution_count": 3,
   "metadata": {},
   "outputs": [
    {
     "data": {
      "text/html": [
       "<div>\n",
       "<style>\n",
       "    .dataframe thead tr:only-child th {\n",
       "        text-align: right;\n",
       "    }\n",
       "\n",
       "    .dataframe thead th {\n",
       "        text-align: left;\n",
       "    }\n",
       "\n",
       "    .dataframe tbody tr th {\n",
       "        vertical-align: top;\n",
       "    }\n",
       "</style>\n",
       "<table border=\"1\" class=\"dataframe\">\n",
       "  <thead>\n",
       "    <tr style=\"text-align: right;\">\n",
       "      <th></th>\n",
       "      <th>PassengerId</th>\n",
       "      <th>Survived</th>\n",
       "      <th>Pclass</th>\n",
       "      <th>Sex</th>\n",
       "      <th>Age</th>\n",
       "      <th>SibSp</th>\n",
       "      <th>Parch</th>\n",
       "      <th>Fare</th>\n",
       "      <th>Embarked</th>\n",
       "    </tr>\n",
       "  </thead>\n",
       "  <tbody>\n",
       "    <tr>\n",
       "      <th>PassengerId</th>\n",
       "      <td>1.000000</td>\n",
       "      <td>-0.005007</td>\n",
       "      <td>-0.035144</td>\n",
       "      <td>-0.042939</td>\n",
       "      <td>0.034212</td>\n",
       "      <td>-0.057527</td>\n",
       "      <td>-0.001652</td>\n",
       "      <td>0.012658</td>\n",
       "      <td>-0.017443</td>\n",
       "    </tr>\n",
       "    <tr>\n",
       "      <th>Survived</th>\n",
       "      <td>-0.005007</td>\n",
       "      <td>1.000000</td>\n",
       "      <td>-0.338481</td>\n",
       "      <td>0.543351</td>\n",
       "      <td>-0.064910</td>\n",
       "      <td>-0.035322</td>\n",
       "      <td>0.081629</td>\n",
       "      <td>0.257307</td>\n",
       "      <td>-0.125953</td>\n",
       "    </tr>\n",
       "    <tr>\n",
       "      <th>Pclass</th>\n",
       "      <td>-0.035144</td>\n",
       "      <td>-0.338481</td>\n",
       "      <td>1.000000</td>\n",
       "      <td>-0.131900</td>\n",
       "      <td>-0.339898</td>\n",
       "      <td>0.083081</td>\n",
       "      <td>0.018443</td>\n",
       "      <td>-0.549500</td>\n",
       "      <td>0.305762</td>\n",
       "    </tr>\n",
       "    <tr>\n",
       "      <th>Sex</th>\n",
       "      <td>-0.042939</td>\n",
       "      <td>0.543351</td>\n",
       "      <td>-0.131900</td>\n",
       "      <td>1.000000</td>\n",
       "      <td>-0.081163</td>\n",
       "      <td>0.114631</td>\n",
       "      <td>0.245489</td>\n",
       "      <td>0.182333</td>\n",
       "      <td>-0.022521</td>\n",
       "    </tr>\n",
       "    <tr>\n",
       "      <th>Age</th>\n",
       "      <td>0.034212</td>\n",
       "      <td>-0.064910</td>\n",
       "      <td>-0.339898</td>\n",
       "      <td>-0.081163</td>\n",
       "      <td>1.000000</td>\n",
       "      <td>-0.233296</td>\n",
       "      <td>-0.172482</td>\n",
       "      <td>0.096688</td>\n",
       "      <td>-0.040166</td>\n",
       "    </tr>\n",
       "    <tr>\n",
       "      <th>SibSp</th>\n",
       "      <td>-0.057527</td>\n",
       "      <td>-0.035322</td>\n",
       "      <td>0.083081</td>\n",
       "      <td>0.114631</td>\n",
       "      <td>-0.233296</td>\n",
       "      <td>1.000000</td>\n",
       "      <td>0.414838</td>\n",
       "      <td>0.159651</td>\n",
       "      <td>0.030874</td>\n",
       "    </tr>\n",
       "    <tr>\n",
       "      <th>Parch</th>\n",
       "      <td>-0.001652</td>\n",
       "      <td>0.081629</td>\n",
       "      <td>0.018443</td>\n",
       "      <td>0.245489</td>\n",
       "      <td>-0.172482</td>\n",
       "      <td>0.414838</td>\n",
       "      <td>1.000000</td>\n",
       "      <td>0.216225</td>\n",
       "      <td>-0.035957</td>\n",
       "    </tr>\n",
       "    <tr>\n",
       "      <th>Fare</th>\n",
       "      <td>0.012658</td>\n",
       "      <td>0.257307</td>\n",
       "      <td>-0.549500</td>\n",
       "      <td>0.182333</td>\n",
       "      <td>0.096688</td>\n",
       "      <td>0.159651</td>\n",
       "      <td>0.216225</td>\n",
       "      <td>1.000000</td>\n",
       "      <td>-0.268865</td>\n",
       "    </tr>\n",
       "    <tr>\n",
       "      <th>Embarked</th>\n",
       "      <td>-0.017443</td>\n",
       "      <td>-0.125953</td>\n",
       "      <td>0.305762</td>\n",
       "      <td>-0.022521</td>\n",
       "      <td>-0.040166</td>\n",
       "      <td>0.030874</td>\n",
       "      <td>-0.035957</td>\n",
       "      <td>-0.268865</td>\n",
       "      <td>1.000000</td>\n",
       "    </tr>\n",
       "  </tbody>\n",
       "</table>\n",
       "</div>"
      ],
      "text/plain": [
       "             PassengerId  Survived    Pclass       Sex       Age     SibSp  \\\n",
       "PassengerId     1.000000 -0.005007 -0.035144 -0.042939  0.034212 -0.057527   \n",
       "Survived       -0.005007  1.000000 -0.338481  0.543351 -0.064910 -0.035322   \n",
       "Pclass         -0.035144 -0.338481  1.000000 -0.131900 -0.339898  0.083081   \n",
       "Sex            -0.042939  0.543351 -0.131900  1.000000 -0.081163  0.114631   \n",
       "Age             0.034212 -0.064910 -0.339898 -0.081163  1.000000 -0.233296   \n",
       "SibSp          -0.057527 -0.035322  0.083081  0.114631 -0.233296  1.000000   \n",
       "Parch          -0.001652  0.081629  0.018443  0.245489 -0.172482  0.414838   \n",
       "Fare            0.012658  0.257307 -0.549500  0.182333  0.096688  0.159651   \n",
       "Embarked       -0.017443 -0.125953  0.305762 -0.022521 -0.040166  0.030874   \n",
       "\n",
       "                Parch      Fare  Embarked  \n",
       "PassengerId -0.001652  0.012658 -0.017443  \n",
       "Survived     0.081629  0.257307 -0.125953  \n",
       "Pclass       0.018443 -0.549500  0.305762  \n",
       "Sex          0.245489  0.182333 -0.022521  \n",
       "Age         -0.172482  0.096688 -0.040166  \n",
       "SibSp        0.414838  0.159651  0.030874  \n",
       "Parch        1.000000  0.216225 -0.035957  \n",
       "Fare         0.216225  1.000000 -0.268865  \n",
       "Embarked    -0.035957 -0.268865  1.000000  "
      ]
     },
     "execution_count": 3,
     "metadata": {},
     "output_type": "execute_result"
    }
   ],
   "source": [
    "# データ前処理\n",
    "# def correct_data(titanic_data):\n",
    "#     titanic_data.Age = titanic_data.Age.fillna(titanic_data.Age.median())\n",
    "#     titanic_data.Sex = titanic_data.Sex.replace(['male', 'female'], [0, 1])\n",
    "#     titanic_data.Embarked = titanic_data.Embarked.fillna('S')\n",
    "#     titanic_data.Embarked = titanic_data.Embarked.replace(['C', 'S', 'Q'], [0, 1, 2])\n",
    "#     titanic_data.Fare = titanic_data.Fare.fillna(titanic_data.Fare.median())\n",
    "#     return titanic_data\n",
    "\n",
    "# train_data = correct_data(train)\n",
    "# test_data = correct_data(test)\n",
    "\n",
    "# train_corr = train.corr()\n",
    "# train_corr\n",
    "\n",
    "def correct_data(train_data, test_data):\n",
    "    train_data.Age = train_data.Age.fillna(test_data.Age.median())\n",
    "    train_data.Fare = train_data.Fare.fillna(test_data.Fare.median())\n",
    "\n",
    "    test_data.Age = test_data.Age.fillna(test_data.Age.median())\n",
    "    test_data.Fare = test_data.Fare.fillna(test_data.Fare.median())\n",
    "    \n",
    "    train_data = correct_data_common(train_data)\n",
    "    test_data = correct_data_common(test_data)\n",
    "    \n",
    "    return train_data, test_data\n",
    "    \n",
    "def correct_data_common(titanic_data):\n",
    "    titanic_data.Sex = titanic_data.Sex.replace(['male', 'female'], [0, 1])\n",
    "    titanic_data.Embarked = titanic_data.Embarked.fillna('S')\n",
    "    titanic_data.Embarked = titanic_data.Embarked.replace(['C', 'S', 'Q'], [0, 1, 2])\n",
    "    \n",
    "    return titanic_data\n",
    "\n",
    "train_data, test_data = correct_data(train, test)"
   ]
  },
  {
   "cell_type": "code",
   "execution_count": 4,
   "metadata": {},
   "outputs": [],
   "source": [
    "from sklearn.linear_model import LogisticRegression\n",
    "from sklearn.svm import SVC, LinearSVC\n",
    "from sklearn.neighbors import KNeighborsClassifier\n",
    "from sklearn.tree import DecisionTreeClassifier\n",
    "from sklearn.ensemble import RandomForestClassifier\n",
    "from sklearn.neural_network import MLPClassifier\n",
    "\n",
    "from sklearn.model_selection import cross_val_score\n",
    "\n",
    "predictors = [\"Pclass\", \"Sex\", \"Age\", \"SibSp\", \"Parch\", \"Fare\", \"Embarked\"]\n",
    "\n",
    "models = []\n",
    "\n",
    "models.append((\"LogisticRegression\",LogisticRegression()))\n",
    "models.append((\"SVC\",SVC()))\n",
    "models.append((\"LinearSVC\",LinearSVC()))\n",
    "models.append((\"KNeighbors\",KNeighborsClassifier()))\n",
    "models.append((\"DecisionTree\",DecisionTreeClassifier()))\n",
    "models.append((\"RandomForest\",RandomForestClassifier()))\n",
    "models.append((\"MLPClassifier\",MLPClassifier(solver='lbfgs', random_state=0)))"
   ]
  },
  {
   "cell_type": "code",
   "execution_count": 6,
   "metadata": {},
   "outputs": [],
   "source": [
    "# 交差検証\n",
    "results = []\n",
    "names = []\n",
    "for name, model in models:\n",
    "    result = cross_val_score(model, train_data[predictors], train_data['Survived'], cv=3)\n",
    "    names.append(name)\n",
    "    results.append(result)"
   ]
  },
  {
   "cell_type": "code",
   "execution_count": 8,
   "metadata": {},
   "outputs": [
    {
     "name": "stdout",
     "output_type": "stream",
     "text": [
      "LogisticRegression 0.785634118967\n",
      "SVC 0.687991021324\n",
      "LinearSVC 0.700336700337\n",
      "KNeighbors 0.701459034792\n",
      "DecisionTree 0.765432098765\n",
      "RandomForest 0.787878787879\n",
      "MLPClassifier 0.773288439955\n"
     ]
    }
   ],
   "source": [
    "for i in range(len(names)):\n",
    "    print(names[i], results[i].mean())"
   ]
  },
  {
   "cell_type": "code",
   "execution_count": 10,
   "metadata": {},
   "outputs": [],
   "source": [
    "alg = RandomForestClassifier()\n",
    "alg.fit(train_data[predictors], train_data['Survived'])\n",
    "\n",
    "predictions = alg.predict(test_data[predictors])\n",
    "\n",
    "submission = pd.DataFrame({\n",
    "    'PassengerId': test_data['PassengerId'],\n",
    "    'Survived': predictions\n",
    "})\n",
    "\n",
    "submission.to_csv('submission.csv', index=False)"
   ]
  }
 ],
 "metadata": {
  "kernelspec": {
   "display_name": "Python 3",
   "language": "python",
   "name": "python3"
  },
  "language_info": {
   "codemirror_mode": {
    "name": "ipython",
    "version": 3
   },
   "file_extension": ".py",
   "mimetype": "text/x-python",
   "name": "python",
   "nbconvert_exporter": "python",
   "pygments_lexer": "ipython3",
   "version": "3.6.3"
  }
 },
 "nbformat": 4,
 "nbformat_minor": 2
}
